0.9970932
0.7119344
0.08120187
0.5369898
0.72246814
0.6693181
0.6549382
0.3783814
0.4385143
0.2846209
0.15246381
0.6299075
0.73307294
0.61789125
0.5977715
0.01118171
0.4900222
0.76858854
0.48470438
0.89499307
0.702562
0.22853635
0.0075859595
0.40897822
0.6263131
0.9864178
0.78479177
0.015720198
0.8564084
0.9914443
0.58629286
0.71328545
0.899759
0.8036756
0.8442625
0.9975799
0.7028055
0.07503634
0.007096035
0.99436945
0.6652315
0.45174304
0.6465032
0.940017
0.57911813
0.9959849
0.6496847
0.40209812
0.55663055
0.7223765
0.63442874
0.31203455
0.64182365
0.17487723
0.61609775
0.06740011
0.3333549
0.028020654
0.6912069
0.08559435
0.98740965
0.5587269
0.648006
0.27712116
0.8376631
0.7393725
0.57850707
0.6639158
0.79079926
0.72536474
0.5588836
0.99191487
0.594274
0.97331387
0.62817144
0.783352
0.89084375
0.5514774
0.0069405115
0.93079126
0.45279124
0.9968106
0.72785443
0.0031299149
0.9828408
0.9877707
0.40321407
0.04155326
0.5668236
0.348033
0.9109206
0.9398075
0.6163591
0.61788255
0.7341744
0.37637106
0.37944353
0.7596184
0.5070944
0.64197254
0.7456553
0.9973999
0.009054135
0.04903969
0.86999315
0.4845917
0.49447337
0.6068714
0.92655516
0.6439199
0.34999865
0.92153776
0.8194874
0.6491421
0.9339115
0.97285944
0.4510305
0.768886
0.96411276
0.95282763
0.9979582
0.09970617
0.8059685
0.55946255
0.49064904
0.68818164
0.7093383
0.9994862
0.61171824
0.54501855
0.1188399
0.78174496
0.9328531
0.6459518
0.896526
0.97216326
0.17387918
0.91647947
0.773043
0.6241422
0.47961503
0.92405784
0.65791553
0.073427476
0.5735603
0.97717404
0.95016694
0.10247233
0.15507221
0.5451088
0.67912847
0.37136593
0.8330783
0.5228734
0.6627871
0.45278645
0.76677513
0.3086471
0.5032829
0.63464296
0.4459186
0.7682877
0.9521326
0.99976367
0.9873224
0.9530644
0.78291285
0.09455989
0.4737407
0.69880235
0.86337924
0.9052102
0.7026416
0.64555967
0.45740095
0.98070794
0.63227594
0.9990615
0.5910592
0.8271488
0.59200186
0.95304036
0.9910059
0.587907
0.4803255
0.96441054
0.6883504
0.9229249
0.5132775
0.8688934
0.9952252
0.6956648
0.72744066
0.5822366
0.71041036
0.61083376
0.056668255
0.9999789
0.96838737
0.6083975
0.95424753
0.9094459
0.67543507
0.9039906
0.6329879
0.965483
0.92968076
0.10075244
0.81714445
0.07595576
0.5818378
0.7709713
0.99675554
0.7352903
0.56503606
0.5973111
0.5240142
0.4271764
0.117862105
0.16181393
0.026376504
0.65129256
0.16453572
0.9363351
0.6483536
0.85743374
0.7639141
0.67894685
0.01405592
0.67303556
0.9814187
0.49511883
0.62425476
0.64199394
0.15618977
0.9017906
0.58457017
0.99974066
0.78813547
0.7844638
0.58807135
0.72893184
0.5778037
0.9591078
0.9084499
0.9210151
0.6874185
0.568338
0.33439162
0.6425942
0.27088737
0.6919684
0.9852327
0.9653858
0.6595733
0.97266686
0.04278029
0.6038252
0.013915191
0.07895203
0.12376704
0.13220236
0.6231356
0.52817804
0.6414999
0.3779816
0.97539425
0.69346786
0.6062467
0.6689316
0.69800055
0.6809348
0.96794087
0.98133916
0.5887827
0.7510303
0.8421219
0.8446737
0.889561
0.9367894
0.6420911
0.9608964
0.7553418
0.99940217
0.5275968
0.3822257
0.5199021
0.6705108
0.51939154
0.63752687
0.8007043
0.33196685
0.98201275
0.9788986
0.68452436
0.0069123176
0.69786936
0.5401242
0.9988703
0.8121193
0.99743724
0.8457324
0.9985214
0.04835134
0.011843971
0.5553903
0.46621943
0.9973454
0.19406037
0.55266774
0.26352936
0.51076204
0.79673165
0.40245572
0.5744202
0.9746139
0.70712155
0.7604063
0.7656483
0.5395849
0.79406893
0.9946877
0.55801255
0.056551483
0.8528525
0.92797244
0.9994299
0.021844216
0.013611576
0.62358236
0.418
0.23876844
0.7393878
0.468559
0.5964605
0.80015725
0.7534822
0.8075754
0.76158416
0.7175322
0.60224617
0.9104706
0.06059902
0.58132416
0.9999294
0.709508
0.6495323
0.5258798
0.639159
0.62938714
0.59324414
0.73914456
0.9879744
0.095862344
0.62684876
0.4836941
0.99162686
0.9571549
0.8869924
0.6755777
0.9629144
0.6574333
0.5517132
0.8192015
0.6714905
0.5912741
0.64773566
0.91880816
0.5694796
0.70841306
0.80555737
0.9745369
0.6272687
0.9932075
0.8751837
0.6604987
0.83407587
0.6439872
0.68230987
0.7052541
0.22258474
0.60881215
0.80329806
0.94012356
0.16610244
0.9970149
0.97697985
0.5576742
0.36464435
0.6216423
0.6611786
0.83974254
0.84097
0.93765557
0.978585
0.029220294
0.68115205
0.60561866
0.90226203
0.57378405
0.7959415
0.7059811
0.85045654
0.59934556
0.5918818
0.64109844
0.2644291
0.017870301
0.6984837
0.028228141
0.5193326
0.546285
0.40083674
0.02932521
0.58762854
0.70457625
0.38283178
0.7186625
0.9108603
0.100676246
0.57709944
0.5891316
0.44599393
0.8077891
0.7433529
0.08653553
0.74626726
0.91692543
0.8783387
0.99545395
0.20561412
0.9994972
0.58802897
0.8194901
0.54539824
0.7440804
0.46630087
0.9868079
0.71990883
0.6656607
0.6017854
0.88783276
0.5240419
0.9995703
0.6362512
0.53891695
0.8952317
0.39520526
0.83490807
0.21098107
0.28002742
0.7152745
0.91368204
0.37623698
0.99884415
0.6572723
0.008137531
0.5783592
0.78922665
0.63557214
0.9006911
0.6583253
0.6618751
0.6119634
0.5873974
0.61054504
0.7645226
0.45689458
0.99512213
0.99763834
0.4447725
0.04341326
0.6402801
0.9163522
0.49898502
0.8305793
0.6896201
0.10095076
0.5328104
0.8189329
0.7825289
0.8890334
0.6254237
0.9420734
0.6843294
0.8020665
0.32526848
0.69866854
0.58320993
0.9948946
0.0041843597
0.06838735
0.3206206
0.28624535
0.15634474
0.24859513
0.63599956
0.6222794
0.7726847
0.018714366
0.45873028
0.21316993
0.8570506
0.9753201
0.65226465
0.49209467
0.9835812
0.78748447
0.90846294
0.8896187
0.9866258
0.8298282
0.52216387
0.87570524
0.5535356
0.2854751
0.4190932
0.9978853
0.6513606
0.050784033
0.39445752
0.83287585
0.6083748
0.63305396
0.68319774
0.9411769
0.790402
0.67968285
0.16027083
0.69877696
0.913516
0.61781335
0.27677992
0.6634644
0.46735987
0.5860092
0.12674728
0.58437425
0.5831553
0.5038916
0.93211657
0.58364135
0.06365036
0.6582734
0.392044
0.8580081
0.4916104
0.9097119
0.8854969
0.8877923
0.9870027
0.92035514
0.8421767
0.64668465
0.99085426
0.81964
0.06539982
0.6429667
0.08739919
0.5143228
0.9993728
0.41165826
0.8609285
0.57422924
0.62263787
0.9005211
0.963183
0.4847358
0.58895415
0.5691087
0.9992675
0.9908454
0.09400377
0.87188274
0.64787924
0.8365634
0.9843642
0.46117154
0.33031073
0.61848664
0.98966587
0.97247374
0.47317478
0.9710603
0.978219
0.01693574
0.786125
0.57037425
0.6006718
0.12270654
0.6237329
0.9715836
0.47104248
0.3051347
0.2843732
0.0990533
0.28241637
0.9781965
0.4470162
0.8334389
0.9802843
0.06271884
0.6510255
0.17700353
0.7480534
0.6882962
0.3042961
0.19523571
0.5343252
0.80888593
0.07578847
0.8415208
0.6741829
0.32742193
0.6066661
0.60613537
0.038393214
0.927032
0.45619383
0.99915123
0.8311567
0.9085149
0.6056732
0.3128056
0.6658086
0.26658323
0.94204706
0.941733
0.9915167
0.64138424
0.73176926
0.89356875
0.0046714437
0.6463148
0.9232314
0.017402217
0.79323035
0.8478768
0.5107506
0.5523056
0.5314444
0.6023065
0.9685915
0.5076503
0.355453
0.99382776
0.5895244
0.70041984
0.5432439
0.3956302
0.55195385
0.6555264
0.33614096
0.7558934
0.701129
0.4623835
0.6317563
0.37935668
0.5779741
0.63864154
0.1415025
0.63680375
0.57732236
0.6874364
0.6631972
0.087876
0.77822196
0.90430003
0.94239366
0.07688306
0.62694097
0.98299843
0.9938099
0.14520998
0.02173809
0.1198314
0.29112023
0.519782
0.047489442
0.8638475
0.8968768
0.82901704
0.5322582
0.15571257
0.99685967
0.8863837
0.5817193
0.98013216
0.5676969
0.6770377
0.69973016
0.036491025
0.6416866
0.9320425
0.21628952
0.010995101
0.13834286
0.97383976
0.72609466
0.9994816
0.55655026
0.9153036
0.45473927
0.25057298
0.6251944
0.9823599
0.012974032
0.59753513
0.6847874
0.47849235
0.88088953
0.61275315
0.007979615
0.9527463
0.9747677
0.4203011
0.63299346
0.4251915
0.020407252
0.60356057
0.66581786
0.51499915
0.6426104
0.996876
0.8461323
0.99047196
0.57506543
0.75797445
0.5906211
0.3199473
0.9944495
0.9638162
0.648116
0.66250163
0.3425172
0.85248905
0.3278114
0.92428225
0.64798945
0.7086375
0.8566982
0.5630296
0.32900545
0.97573435
0.963482
0.6216102
0.18418552
0.56400275
0.5439415
0.97483665
0.7605462
0.7559285
0.8203007
0.0062358524
0.85898256
0.87055093
0.6408414
0.4560777
0.5718241
0.50399065
0.9900333
0.8142031
0.13366663
0.05765114
0.73412716
0.45459652
0.99310803
0.9641836
0.6294334
0.25228602
0.6137007
0.8599692
0.9942332
0.96699566
0.5840775
0.5837661
0.62173396
0.7923192
0.7970987
0.8645521
0.6066141
0.7978143
0.55496347
0.66625595
0.7867389
0.0604486
0.54086876
0.3507359
0.8843666
0.872347
0.60665333
0.9758351
0.5350278
0.39122212
0.7088672
0.27042744
0.63512695
0.6318691
0.7809993
0.9998753
0.9821974
0.81647414
0.6568314
0.09803437
0.47327596
0.99866533
0.22542807
0.89129317
0.96508014
0.9788497
0.024372123
0.92335683
0.28424802
0.16490358
0.67872036
0.35269958
0.8556891
0.8715859
0.890282
0.63414353
0.8122429
0.44794467
0.9740694
0.81031346
0.6206926
0.041973185
0.9987999
0.3988817
0.64829683
0.9598723
0.6249233
0.6678509
0.998684
0.757045
0.6593097
0.9984669
0.6501444
0.6492734
0.7551401
0.41003513
0.99793196
0.9314614
0.99938655
0.6780092
0.30019078
0.3542078
0.89902973
0.63718754
0.67852855
0.65958714
0.6533704
0.559105
0.13079444
0.46189356
0.68001616
0.6831535
0.5022156
0.65466297
0.48708528
0.56607175
0.80184555
0.57167757
0.5285817
0.70509577
0.463715
0.9135117
0.67123514
0.33868915
0.7333107
0.18861085
0.64057344
0.99471766
0.34834003
0.81801444
0.8292592
0.80677426
0.12151644
0.34065396
0.5316302
0.7299399
0.6063665
0.6800322
0.9192133
0.794471
0.91252244
0.38303134
0.8051761
0.18311723
0.63994336
0.6581369
0.851299
0.008704725
0.42154047
0.62992465
0.014480302
0.25264612
0.34637958
0.6844941
0.885586
0.16827808
0.70555437
0.8705933
0.31885904
0.7572751
0.24644606
0.5373152
0.0056307698
0.19988395
0.8157506
0.55492795
0.39743802
0.3388572
0.98077124
0.65191567
0.96618205
0.61258346
0.81081414
0.7463422
0.6053076
0.69365376
0.97728777
0.6282538
0.006104583
0.6781984
0.74065334
0.17007886
0.4683103
0.68749005
0.5828126
0.53090155
0.6050048
0.9584311
0.98284507
0.43170962
0.76079637
0.8028101
0.5363092
0.8335833
0.77021915
0.6850176
0.40433243
0.9569172
0.6149792
0.99017274
0.20323908
0.015252189
0.55372226
0.5467922
0.7910932
0.7918225
0.9218964
0.9776586
0.89821553
0.7364455
0.95452076
0.69555914
0.85735583
0.7221168
0.26057792
0.15362363
0.21617985
0.76340437
0.2692691
0.52072346
0.597523
0.04838661
0.8229549
0.2859645
0.5923975
0.5720625
0.677743
0.8189772
0.6427218
0.63965523
0.6048014
0.99800485
0.94895184
0.5634274
0.574364
0.9998709
0.9872543
0.99824214
0.66537726
0.9981888
0.6595649
0.5213633
0.99426323
0.6645186
0.7442094
0.1775711
0.9726087
0.63379025
0.87397045
0.18185134
0.38789982
0.6272999
0.6092123
0.025878187
0.9474837
0.7521695
